
% Color Choice

cian     = [0 0.8 1]     ./ 1;
peach    = [251 111 66]  ./ 255;
peach2   = [251 111 66]  ./ 500;
blue     = [0 0.6 1]     ./ 1;
blue     = [0.6 0.0 1]   ./ 1;
green    = [0.2 0.8 0.4] ./ 1;
dblue    = [0.0 0.4 0.8] ./ 1;
orange   = [0.7 0.2 0.2] ./ 1;
p1       = [251 111 66]  ./ 600;
p2       = [251 111 66]  ./ 255;
p3       = [1 0.8 0]     ./ 1;
cian     = [0 0.8 1] ./ 1;
blue     = [0 0.4470 0.7410];
purple   = [0.6 0 1.0];
peach    = [0.8500 0.3250 0.0980];
green    = [0.2 0.8 0.4] ./1;
dblue    = [0.0 0.4 0.8] ./1;
magen    = [139 0 139] ./255;
yellow   = [1,1,0];
perso    = [peach ; cian  ; blue ; green];
perso1   = [magen ; peach ; cian ; green ; blue ];
red      = [0.95 0.350 0.00];
yellom   = [0.9290 0.6940 0.1250];
red      = [1 0 0];
% cian     = [0 0.8 1] ./ 1;
% peach    = [251 111 66] ./ 255;
% peach2   = [251 111 66] ./ 500;
% blue     = [0 0.6 1] ./ 1;
% green    = [0.2 0.8 0.4] ./1;
% dblue    = [0.0 0.4 0.8] ./1;
% purple   = [0.5 0.0 0.5] ./1;
purple1  = [0.4 0.0 0.2] ./1;

colM = [    
    0.4940    0.1840    0.5560
    0.4660    0.6740    0.1880
    0.3010    0.7450    0.9330
    0.6350    0.0780    0.1840
         0    0.4470    0.7410
    0.8500    0.3250    0.0980
    0.9290    0.6940    0.1250
    0.4940    0.1840    0.5560
    0.4660    0.6740    0.1880
    0.3010    0.7450    0.9330];

